The projects were download from this dataset: https://www.fit.vut.cz/person/ichlubna/public/lf
Each project was rendered in 3840x2160 resolution, 16-bit RGB PNG, 100 frames long sequence, with camera coordinates interpolated between the initial and ending positions listed below:
-0.93 -5.79 0 - 0.97 -5.79 0
-0.53 -3.8 -0.7 - 0.49 -3.8 -0.7
-0.8 -5.6 0.5 - 0.83 -5.6 0.5
-4.42 -5.79 0 - 1.6 -5.79 0
-3.26 -2.16 0.88 - -6.4 -2.16 0.88
18.59 -39.04 -1.97 - 10.46 -39.04 -1.97
-1.36 -4.39 1.15 - 3.45 -4.39 1.15
1.46 -1.2 0 - 1.46 -1.2 0
-2.09 -3.5 -0.1 - 0.85 -3.5 -0.1
-0.94 -4 0 - 1.39 -4 0 
-5.93 -4 0 - 4.84 -4 0
-0.35 -3.5 -0.3 - 0.33 -3.5 -0.3
-0.96 -3.7 0.14 - 0.7 -3.7 0.14
-2.28 -3.5 0.35 - 0.02 -3.5 0.35 
-0.75 -3.26 -0.77 - 0.36 -3.26 -0.77 
-1.43 -3.5 0.2 - 1.28 -3.5 0.2 
-19.17 -4 0 - 6.24 -4 0
-1.18 -2.95 0 - 1.22 2.95 0
-1.06 -3.94 0 - 0.49 -3.94 0
-0.44 -4 0 - 0.24 -4 0
-0.98 -3.7 0.14 - 0.77 3.7 0.14
-0.76 -4 0.18 - 0.61 -4 0.18
-1.2 -4 0.1 - 0.96 4 0.1
-12.19 -4 0.15 - 5.64 -4 0.15
-1.69 -4 0.22 - 1.14 -4 0.22

